<?xml version="1.0"?>
<opencv_storage>
<calibration_time>"Tue 28 May 2019 07:56:01 PM PDT"</calibration_time>
<nr_of_frames>22</nr_of_frames>
<image_width>640</image_width>
<image_height>480</image_height>
<board_width>4</board_width>
<board_height>11</board_height>
<square_size>15.</square_size>
<fix_aspect_ratio>1.</fix_aspect_ratio>
<!-- flags: +fix_aspectRatio +fix_principal_point +zero_tangent_dist +fix_k4 +fix_k5 -->
<flags>6158</flags>
<fisheye_model>0</fisheye_model>
<camera_matrix type_id="opencv-matrix">
  <rows>3</rows>
  <cols>3</cols>
  <dt>d</dt>
  <data>
    4.7822453421705336e+02 0. 320. 0. 4.7822453421705336e+02 240. 0. 0.
    1.</data></camera_matrix>
<distortion_coefficients type_id="opencv-matrix">
  <rows>5</rows>
  <cols>1</cols>
  <dt>d</dt>
  <data>
    1.6179972176764157e-01 -1.4714060186107952e-01 0. 0.
    -8.6174798739735392e-01</data></distortion_coefficients>
<avg_reprojection_error>3.2202195097801478e-01</avg_reprojection_error>
<per_view_reprojection_errors type_id="opencv-matrix">
  <rows>22</rows>
  <cols>1</cols>
  <dt>f</dt>
  <data>
    2.83809751e-01 2.84225076e-01 2.79729277e-01 3.60886753e-01
    2.89898247e-01 2.87638545e-01 2.99429119e-01 2.96747595e-01
    3.31115961e-01 3.89386743e-01 3.04273725e-01 2.89557129e-01
    2.86555946e-01 3.49495709e-01 3.67037207e-01 3.68435770e-01
    3.78118157e-01 3.54324847e-01 3.03031057e-01 2.92480648e-01
    3.03946972e-01 3.41117501e-01</data></per_view_reprojection_errors>
<!-- a set of 6-tuples (rotation vector + translation vector) for each view -->
<extrinsic_parameters type_id="opencv-matrix">
  <rows>22</rows>
  <cols>6</cols>
  <dt>d</dt>
  <data>
    -8.1356116233999368e-02 1.1113870360575333e-02
    1.6081952378255755e+00 6.3321866516685596e+01
    -7.6478300959147830e+01 2.4601325886200536e+02
    -8.0663320454226958e-02 7.5047983442269300e-03
    1.5064330418192260e+00 6.0096453539563022e+01
    -8.5537242699190898e+01 2.4644374182773529e+02
    -8.0298547547107524e-02 5.4374831045611010e-03
    1.4473385715500737e+00 5.8509970934039139e+01
    -9.2040987175014521e+01 2.4674365541772997e+02
    -7.6515586020040299e-02 4.3157526084044561e-03
    1.3725473112588065e+00 5.5546026765433595e+01
    -8.2609549115234145e+01 2.4548709528585567e+02
    -8.2298703684720559e-02 9.0072867657531933e-03
    1.4754516413218510e+00 6.0481912085774823e+01
    -7.8468090930519921e+01 2.4609988872119845e+02
    -8.2306320391298829e-02 1.2470236089948026e-02
    1.5680325855190460e+00 6.2522394682544260e+01
    -7.4054705686173463e+01 2.4593202502762995e+02
    -8.2812849953937909e-02 1.8496430992352868e-02
    1.6962075559402816e+00 6.5859956799037192e+01
    -6.4174870278614563e+01 2.4545254467131571e+02
    -8.2553366899059788e-02 2.0236564376450241e-02
    1.7377424732664479e+00 6.8731401152833712e+01
    -6.1745195778092310e+01 2.4539563611680700e+02
    -8.3545102675552846e-02 2.5200684351405728e-02
    1.7944126106596205e+00 6.7563264714948659e+01
    -6.0221548498933494e+01 2.4508800457664307e+02
    -7.9647552793251988e-02 2.4968483744760319e-02
    1.9120507015924249e+00 6.7886952558680591e+01
    -4.9785386007077648e+01 2.4430311999945755e+02
    -8.3690087145687278e-02 2.0344757173393332e-02
    1.7248304892172546e+00 6.5001266300411046e+01
    -6.6543135478931404e+01 2.4555697993517546e+02
    -8.2921672529237739e-02 1.6365386257096562e-02
    1.6615852152514425e+00 6.3957671667265934e+01
    -7.0796609870460401e+01 2.4586072417677138e+02
    -8.2646822653218516e-02 1.0354582856357418e-02
    1.5637338013117070e+00 5.9187061739704667e+01
    -8.3773640400129310e+01 2.4646127693613886e+02
    -7.4675302922173767e-02 4.6412663856352414e-03
    1.4528225589050427e+00 4.9437673157761104e+01
    -9.4918755499372949e+01 2.4606005114763465e+02
    -7.3836241570998551e-02 5.2483450183274244e-03
    1.3386747988700729e+00 4.0324620047493845e+01
    -1.0058707898668668e+02 2.4604188575071896e+02
    -7.5129388920624901e-02 9.5628794721852161e-03
    1.4053954407686211e+00 4.4873466699736156e+01
    -8.5859021089104061e+01 2.4530077605479562e+02
    -7.4932706273408825e-02 8.3986449687077913e-03
    1.3475824225528508e+00 4.0564633744276691e+01
    -9.1265402269738644e+01 2.4550855488175526e+02
    -7.5343189197331489e-02 1.1856455699974736e-02
    1.4749338999687052e+00 5.0427489487110762e+01
    -7.6267240515555386e+01 2.4486399263619157e+02
    -8.3381042594610502e-02 1.9124871544345810e-02
    1.6568820391335619e+00 6.4244872300574968e+01
    -5.9672118894441468e+01 2.4508363583349856e+02
    -9.7923053260087628e-02 4.4476874666143648e-03
    1.7193337522354502e+00 6.5016454137696940e+01
    -5.8243156646064470e+01 2.4640560002377472e+02
    -8.3593198747170722e-02 2.0242511864615214e-02
    1.7488377303362070e+00 7.0401369297609946e+01
    -4.9980451454796679e+01 2.4484220824532881e+02
    -8.4175661428523341e-02 2.3011423953165081e-02
    1.7983963749740655e+00 7.2467169499906603e+01
    -4.7668961008345683e+01 2.4468312326575358e+02</data></extrinsic_parameters>
